('Intrinsic_mtx_1', array([[  1.63506557e+03,   0.00000000e+00,   6.57726937e+02],
       [  0.00000000e+00,   1.80138791e+03,   3.04687700e+02],
       [  0.00000000e+00,   0.00000000e+00,   1.00000000e+00]]))
('dist_1', array([[-0.69439767,  0.79194691, -0.00216105,  0.05665907, -0.92207997]]))
('Intrinsic_mtx_2', array([[ 758.20196299,    0.        ,  637.62174653],
       [   0.        ,  766.81360601,  331.97347101],
       [   0.        ,    0.        ,    1.        ]]))
('dist_2', array([[-0.34985707,  0.09981473, -0.02840522, -0.0008098 ,  0.12087834]]))
('R', array([[ 0.99458189, -0.06371923, -0.08213849],
       [ 0.05604018,  0.99412266, -0.09262631],
       [ 0.08755782,  0.0875214 ,  0.99230723]]))
('T', array([[ 16.14207931],
       [  3.67860779],
       [-23.21476683]]))
('E', array([[  1.62305051,  23.40028266,   1.50001079],
       [-24.50235177,   0.06644971, -14.11107599],
       [ -2.75407169,  16.28160489,  -1.19302602]]))
('F', array([[  8.06230902e-07,   1.05505825e-05,  -2.52660487e-03],
       [ -1.20345615e-05,   2.96239892e-08,  -3.42586400e-03],
       [  2.44382498e-03,  -1.17118893e-03,   1.00000000e+00]]))
